5.838840318745478607e-06 1.334424678911517019e-07 -4.480441502749654128e-06 -1.192439268211184516e-04 -2.168366207301817010e-05 -2.551703565060174254e-08 1.945631182966723241e-05 -2.319629529653725609e-05 -6.102315885225557437e-08 -4.597191903201932802e-08 -5.676188388333523230e-08 2.940071229175988279e-05 -1.086558349661604034e-05 -2.265318249324706440e-05 3.452927004421037596e-05 4.243071918842088549e-05 2.107892441106751322e-06 1.890605266027089377e-06 -3.290310406094416732e-05 -1.134688835281321244e-05
1.334424678911517019e-07 1.620098573304571288e-05 1.396790713378425601e-05 4.098399617873653574e-04 1.230402226482400557e-04 -2.536012103266861384e-09 5.416586101830216197e-05 -2.729732153424663897e-05 2.207789324943824588e-09 1.894473394013597274e-08 -2.755783412714595944e-08 -3.328202563441670339e-06 -1.809382852694550118e-05 3.496739402693466202e-06 7.555011987070809467e-06 -4.845682084742565206e-04 -1.202427311652713624e-05 -6.139737341772832532e-06 -5.573921483370255435e-05 -1.526354764477969307e-05
-4.480441502749654128e-06 1.396790713378425601e-05 1.376052671320517572e-04 4.710720319149619439e-04 7.130902746471365133e-04 1.080133174233955871e-07 2.063550571339563646e-04 -3.788223053666991708e-04 2.803378183229794401e-07 2.051107676645054382e-07 2.238061845390722733e-07 -5.469657777894056409e-04 -9.279140702817361666e-05 7.512821118711472820e-05 -1.934374864150119723e-04 6.318089764386227802e-05 -6.353270683946320911e-05 1.329716877691451242e-05 6.995777103587062925e-05 -2.714956111770486561e-05
-1.192439268211184516e-04 4.098399617873653574e-04 4.710720319149619439e-04 1.385064227931749430e-02 3.314141953119408100e-03 5.904092647521855143e-07 8.363297962417817321e-04 -9.125742757409132714e-06 1.743547240781192189e-06 1.784728124309046527e-06 9.120628210177343735e-07 -1.049590456853428120e-03 -1.780460000151664528e-04 4.683039875816408606e-04 -7.203855989095937209e-04 -1.397787095312268135e-02 -3.681809484309390523e-04 -2.229199671725354715e-04 -4.394770548188529284e-04 -6.748612554220473521e-05
-2.168366207301817010e-05 1.230402226482400557e-04 7.130902746471365133e-04 3.314141953119408100e-03 8.195513281312377663e-03 1.095205699760234239e-06 1.923594689972800290e-03 -3.960687883174199633e-03 3.244163196112900711e-06 2.512869868729870158e-06 2.080737949688458805e-06 -3.984297977201700126e-03 -6.611557067517345775e-04 1.410848499892469895e-04 -1.547012315459960624e-03 2.864165184082442545e-03 -4.881377030983196155e-04 2.853672964893611322e-04 -1.153018904219143691e-04 -6.984444495569862516e-04
-2.551703565060174254e-08 -2.536012103266861384e-09 1.080133174233955871e-07 5.904092647521855143e-07 1.095205699760234239e-06 4.679194745940899741e-10 1.647386283627173263e-07 -4.737379735408407125e-07 1.081572792072363753e-09 7.598781387505030006e-10 9.692161236606120857e-10 -7.612819962088501999e-07 -3.517882934624103777e-08 1.267190413082187471e-07 -4.741789119215649597e-07 6.831419302452117248e-07 -7.532254243436348339e-08 3.546142817515192110e-08 1.706474479398480246e-07 -3.648409506884948311e-08
1.945631182966723241e-05 5.416586101830216197e-05 2.063550571339563646e-04 8.363297962417817321e-04 1.923594689972800290e-03 1.647386283627173263e-07 6.892498024008355140e-04 -1.082435514254973538e-03 4.995974210171288214e-07 4.329554345029129356e-07 2.421474751283297071e-07 -8.510496105807068608e-04 -2.701169789047292900e-04 1.024090872658967740e-05 -2.555717112493362383e-04 -3.142777556702791315e-05 -1.362189619659569945e-04 5.319904593902687122e-05 -2.777033046219825533e-04 -2.195481049036950439e-04
-2.319629529653725609e-05 -2.729732153424663897e-05 -3.788223053666991708e-04 -9.125742757409132714e-06 -3.960687883174199633e-03 -4.737379735408407125e-07 -1.082435514254973538e-03 2.381648379566048829e-03 -1.466770374176457905e-06 -1.126058388131954116e-06 -9.097131215857239218e-07 2.107396412187377641e-03 4.038471427292024104e-04 -8.986251912088977646e-05 7.424626744576345383e-04 -3.123138237670030487e-03 2.300250642780351726e-04 -1.807256426670088452e-04 1.094929520935660703e-04 4.111249853869989018e-04
-6.102315885225557437e-08 2.207789324943824588e-09 2.803378183229794401e-07 1.743547240781192189e-06 3.244163196112900711e-06 1.081572792072363753e-09 4.995974210171288214e-07 -1.466770374176457905e-06 3.030278881322117906e-09 2.123289933066327836e-09 2.431422272113995553e-09 -2.123579498777125035e-06 -1.073198178878162821e-07 2.734412785638704376e-07 -1.267757088136442968e-06 1.897167623444232564e-06 -2.067814273229710069e-07 1.089408434718946103e-07 4.290840500534022530e-07 -1.499641083049313317e-07
-4.597191903201932802e-08 1.894473394013597274e-08 2.051107676645054382e-07 1.784728124309046527e-06 2.512869868729870158e-06 7.598781387505030006e-10 4.329554345029129356e-07 -1.126058388131954116e-06 2.123289933066327836e-09 1.867229283152011916e-09 1.525159335479362921e-09 -1.543714190318304132e-06 -8.640581980474480567e-08 2.356096346263318417e-07 -9.552058448909158188e-07 8.660409191855396452e-07 -1.628789606186137306e-07 7.816128017423171675e-08 2.287947342237311463e-07 -1.393713226687346968e-07
-5.676188388333523230e-08 -2.755783412714595944e-08 2.238061845390722733e-07 9.120628210177343735e-07 2.080737949688458805e-06 9.692161236606120857e-10 2.421474751283297071e-07 -9.097131215857239218e-07 2.431422272113995553e-09 1.525159335479362921e-09 2.681302634789031811e-09 -1.695354835496026372e-06 -4.069696395252753439e-08 2.664049644016426525e-07 -1.090353970399304746e-06 1.950632646536299394e-06 -1.515742902863857282e-07 7.279509521308002994e-08 5.005236054075027721e-07 -3.217584115584407856e-08
2.940071229175988279e-05 -3.328202563441670339e-06 -5.469657777894056409e-04 -1.049590456853428120e-03 -3.984297977201700126e-03 -7.612819962088501999e-07 -8.510496105807068608e-04 2.107396412187377641e-03 -2.123579498777125035e-06 -1.543714190318304132e-06 -1.695354835496026372e-06 2.964432933204143219e-03 3.353006655036495486e-04 -2.426066399858191423e-04 1.230427237124571797e-03 -2.993244857828021663e-03 2.849625625908546399e-04 -1.455918742915331414e-04 -5.832912798771298230e-04 1.882951992930265248e-04
-1.086558349661604034e-05 -1.809382852694550118e-05 -9.279140702817361666e-05 -1.780460000151664528e-04 -6.611557067517345775e-04 -3.517882934624103777e-08 -2.701169789047292900e-04 4.038471427292024104e-04 -1.073198178878162821e-07 -8.640581980474480567e-08 -4.069696395252753439e-08 3.353006655036495486e-04 1.194329892463362729e-04 1.146463567578259346e-05 6.805283406972957474e-05 -2.670453711416375395e-05 5.227171065276551084e-05 -1.640479394273148525e-05 9.373355275637854328e-05 7.204020403280412860e-05
-2.265318249324706440e-05 3.496739402693466202e-06 7.512821118711472820e-05 4.683039875816408606e-04 1.410848499892469895e-04 1.267190413082187471e-07 1.024090872658967740e-05 -8.986251912088977646e-05 2.734412785638704376e-07 2.356096346263318417e-07 2.664049644016426525e-07 -2.426066399858191423e-04 1.146463567578259346e-05 2.656880866097481629e-04 -2.303219065642882310e-04 -2.915455232673736123e-05 -2.275015425882882193e-05 -1.830017752024557149e-07 9.335175138697630122e-05 2.221256483236210580e-05
3.452927004421037596e-05 7.555011987070809467e-06 -1.934374864150119723e-04 -7.203855989095937209e-04 -1.547012315459960624e-03 -4.741789119215649597e-07 -2.555717112493362383e-04 7.424626744576345383e-04 -1.267757088136442968e-06 -9.552058448909158188e-07 -1.090353970399304746e-06 1.230427237124571797e-03 6.805283406972957474e-05 -2.303219065642882310e-04 7.270425797828613786e-04 -1.212866558899925850e-03 1.146452309159462876e-04 -5.401850652398347942e-05 -3.204211915312239192e-04 4.518178857452702076e-05
4.243071918842088549e-05 -4.845682084742565206e-04 6.318089764386227802e-05 -1.397787095312268135e-02 2.864165184082442545e-03 6.831419302452117248e-07 -3.142777556702791315e-05 -3.123138237670030487e-03 1.897167623444232564e-06 8.660409191855396452e-07 1.950632646536299394e-06 -2.993244857828021663e-03 -2.670453711416375395e-05 -2.915455232673736123e-05 -1.212866558899925850e-03 2.209617324518779735e-02 5.283436517240083173e-05 5.628048094540506361e-04 1.414264476602016896e-03 -3.052771379898865643e-04
2.107892441106751322e-06 -1.202427311652713624e-05 -6.353270683946320911e-05 -3.681809484309390523e-04 -4.881377030983196155e-04 -7.532254243436348339e-08 -1.362189619659569945e-04 2.300250642780351726e-04 -2.067814273229710069e-07 -1.628789606186137306e-07 -1.515742902863857282e-07 2.849625625908546399e-04 5.227171065276551084e-05 -2.275015425882882193e-05 1.146452309159462876e-04 5.283436517240083173e-05 3.833931931857312265e-05 -9.827320334624964820e-06 6.995852563015582276e-09 3.243692842610221213e-05
1.890605266027089377e-06 -6.139737341772832532e-06 1.329716877691451242e-05 -2.229199671725354715e-04 2.853672964893611322e-04 3.546142817515192110e-08 5.319904593902687122e-05 -1.807256426670088452e-04 1.089408434718946103e-07 7.816128017423171675e-08 7.279509521308002994e-08 -1.455918742915331414e-04 -1.640479394273148525e-05 -1.830017752024557149e-07 -5.401850652398347942e-05 5.628048094540506361e-04 -9.827320334624964820e-06 2.234898517567631508e-05 6.528711137717002288e-06 -3.413364613433527881e-05
-3.290310406094416732e-05 -5.573921483370255435e-05 6.995777103587062925e-05 -4.394770548188529284e-04 -1.153018904219143691e-04 1.706474479398480246e-07 -2.777033046219825533e-04 1.094929520935660703e-04 4.290840500534022530e-07 2.287947342237311463e-07 5.005236054075027721e-07 -5.832912798771298230e-04 9.373355275637854328e-05 9.335175138697630122e-05 -3.204211915312239192e-04 1.414264476602016896e-03 6.995852563015582276e-09 6.528711137717002288e-06 5.992652071579847523e-04 1.533326748963929236e-04
-1.134688835281321244e-05 -1.526354764477969307e-05 -2.714956111770486561e-05 -6.748612554220473521e-05 -6.984444495569862516e-04 -3.648409506884948311e-08 -2.195481049036950439e-04 4.111249853869989018e-04 -1.499641083049313317e-07 -1.393713226687346968e-07 -3.217584115584407856e-08 1.882951992930265248e-04 7.204020403280412860e-05 2.221256483236210580e-05 4.518178857452702076e-05 -3.052771379898865643e-04 3.243692842610221213e-05 -3.413364613433527881e-05 1.533326748963929236e-04 1.116048825210488990e-04
1.344221605185430019e-05 -1.122047058105954333e-05 -4.718374263248283068e-06 -4.426743947213555332e-04 4.452126481624586610e-05 8.382378451418656690e-08 2.215930150561003865e-05 -1.536241152771100334e-04 2.069857635509653508e-07 1.819576758727094601e-07 7.447244496608974369e-08 -1.364630145070591259e-04 -3.152104455887149727e-06 -9.044345190754719170e-05 -2.005150009409141764e-05 3.694896308304748515e-04 -2.833449380495405356e-07 7.863288003801533255e-06 4.810089822128493163e-05 -9.602438714968584925e-06
-1.122047058105954333e-05 3.574149203898045084e-05 2.109930964717759115e-05 9.673153500691247884e-04 -5.036493658816979337e-05 -2.124142143942519295e-07 5.230393662479375269e-05 2.004415544651484509e-04 -5.329586255737853770e-07 -3.725377792146249299e-07 -3.653654140789657939e-07 2.622994085394912082e-04 -3.848227943244764159e-05 1.097574533099647737e-04 1.101494077792551109e-04 -1.123220351399631259e-03 -7.252287439511606067e-06 -2.145026217265787763e-05 -1.662118772393093630e-04 -7.637115281129640046e-06
-4.718374263248283068e-06 2.109930964717759115e-05 1.767987726343866290e-04 5.504566916626855164e-04 7.823933827730480007e-04 1.267210575309451150e-07 2.438917021063182475e-04 -3.540172118158825781e-04 1.025368868940973771e-07 3.442998774296774040e-08 8.485337995194444690e-08 -5.448517119241974961e-04 -1.286719733838248927e-04 3.858768864874587200e-05 -6.559926561278679020e-05 -1.268586717871316577e-04 -6.762843853779415592e-05 1.121575796408769737e-05 3.936291843134487892e-05 -1.566053206235644912e-05
-4.426743947213555332e-04 9.673153500691247884e-04 5.504566916626855164e-04 2.989035494067121199e-02 -9.301785321333070743e-04 -5.380039895752026061e-06 7.906366804098656541e-04 6.501374138985202555e-03 -1.355818164086766365e-05 -9.277269222044744139e-06 -9.065485492638396194e-06 6.559252622240275589e-03 -7.183418981225911078e-04 3.246210193254836854e-03 2.166531245438048543e-03 -3.162540155247522272e-02 -2.339934942316933796e-04 -6.158483322089953419e-04 -3.559395498190037321e-03 4.280722595143051095e-05
4.452126481624586610e-05 -5.036493658816979337e-05 7.823933827730480007e-04 -9.301785321333070743e-04 1.112232949092372900e-02 3.446041928189132470e-06 2.195325786373440464e-03 -5.683734824122810107e-03 6.762733419978891263e-06 6.101979941908365923e-06 6.475454782495368334e-06 -6.622792603114525944e-03 -5.822856118457121017e-04 -1.079454824777933107e-03 -2.001489954514601433e-03 8.394444326125441794e-03 -5.788882498504172155e-04 5.109754272073039217e-04 6.847217684779628027e-04 -7.403466882194596277e-04
8.382378451418656690e-08 -2.124142143942519295e-07 1.267210575309451150e-07 -5.380039895752026061e-06 3.446041928189132470e-06 3.865752995868510297e-09 3.661772410348786045e-07 -2.778729810746571558e-06 7.759197563172251850e-09 5.630680587879595479e-09 6.351088100407484111e-09 -3.765760216310909487e-06 1.322657115899747120e-07 -1.165391907601766157e-06 -1.426514177938446111e-06 6.820514342641350373e-06 -1.729126602431053566e-07 2.008500789827780175e-07 1.164315454143260124e-06 -6.183909129470457472e-08
2.215930150561003865e-05 5.230393662479375269e-05 2.438917021063182475e-04 7.906366804098656541e-04 2.195325786373440464e-03 3.661772410348786045e-07 8.343362765865234079e-04 -1.129009558675770188e-03 2.866098084639516446e-07 7.717063562072179643e-07 7.734483934113731723e-07 -9.777874875815319340e-04 -3.222601808916670911e-04 -9.000325091131223382e-05 -1.760969504005047582e-04 -2.591328586971598986e-04 -1.582911862525729818e-04 6.633230522953302891e-05 -3.744440097183685608e-04 -2.124049056299046675e-04
-1.536241152771100334e-04 2.004415544651484509e-04 -3.540172118158825781e-04 6.501374138985202555e-03 -5.683734824122810107e-03 -2.778729810746571558e-06 -1.129009558675770188e-03 4.707781822606462406e-03 -6.410806805825986410e-06 -5.246630740390376311e-06 -4.342172563799941525e-06 5.036306256983214165e-03 2.373064538430526380e-04 1.260360019998553677e-03 1.515828909231605902e-03 -1.002225675512223232e-02 2.639704215106995354e-04 -3.499609159007381360e-04 -1.173096062322407859e-03 4.137239456774545400e-04
2.069857635509653508e-07 -5.329586255737853770e-07 1.025368868940973771e-07 -1.355818164086766365e-05 6.762733419978891263e-06 7.759197563172251850e-09 2.866098084639516446e-07 -6.410806805825986410e-06 1.758816628170430685e-08 1.210059293008653706e-08 1.248507972931722931e-08 -8.355450205821114991e-06 5.019853351679836559e-07 -2.573707570313908460e-06 -3.369522310574475454e-06 1.770388201824626785e-05 -2.691685589679905006e-07 4.555680093031581472e-07 3.198351705188132569e-06 -1.347962182558658445e-07
1.819576758727094601e-07 -3.725377792146249299e-07 3.442998774296774040e-08 -9.277269222044744139e-06 6.101979941908365923e-06 5.630680587879595479e-09 7.717063562072179643e-07 -5.246630740390376311e-06 1.210059293008653706e-08 1.048602947232397587e-08 9.157014626113994557e-09 -6.628509979505449154e-06 2.175960963635372129e-07 -2.199660267805002174e-06 -2.748753422186591266e-06 1.225150335948282523e-05 -2.878621429803063546e-07 3.770495911365055038e-07 2.154096598496858932e-06 -2.579058456440629687e-07
7.447244496608974369e-08 -3.653654140789657939e-07 8.485337995194444690e-08 -9.065485492638396194e-06 6.475454782495368334e-06 6.351088100407484111e-09 7.734483934113731723e-07 -4.342172563799941525e-06 1.248507972931722931e-08 9.157014626113994557e-09 1.504318683085602831e-08 -5.257783908301375537e-06 2.712533668233288671e-07 -1.218023094165059984e-06 -2.514985599821802397e-06 1.273297978796399925e-05 -2.937366302865818315e-07 4.634873783565306145e-07 7.149281086400772044e-07 -3.078198973224545472e-07
-1.364630145070591259e-04 2.622994085394912082e-04 -5.448517119241974961e-04 6.559252622240275589e-03 -6.622792603114525944e-03 -3.765760216310909487e-06 -9.777874875815319340e-04 5.036306256983214165e-03 -8.355450205821114991e-06 -6.628509979505449154e-06 -5.257783908301375537e-06 6.845543003081250473e-03 1.721281540819559236e-04 1.670069273039376636e-03 2.153567375008221853e-03 -1.129306456940501295e-02 3.536559311053226462e-04 -3.542805429902881522e-04 -2.334369089570584657e-03 2.070988579421913992e-04
-3.152104455887149727e-06 -3.848227943244764159e-05 -1.286719733838248927e-04 -7.183418981225911078e-04 -5.822856118457121017e-04 1.322657115899747120e-07 -3.222601808916670911e-04 2.373064538430526380e-04 5.019853351679836559e-07 2.175960963635372129e-07 2.712533668233288671e-07 1.721281540819559236e-04 1.670399625278837425e-04 -4.704052068118079878e-05 -6.803916828717303245e-05 7.024826416146906722e-04 5.721417195134579248e-05 -2.227917801674488919e-06 2.007257570205034803e-04 5.711374151020752482e-05
-9.044345190754719170e-05 1.097574533099647737e-04 3.858768864874587200e-05 3.246210193254836854e-03 -1.079454824777933107e-03 -1.165391907601766157e-06 -9.000325091131223382e-05 1.260360019998553677e-03 -2.573707570313908460e-06 -2.199660267805002174e-06 -1.218023094165059984e-06 1.670069273039376636e-03 -4.704052068118079878e-05 1.010092168627888540e-03 3.738531925507553966e-04 -3.299888088621064433e-03 3.356628596850266567e-05 -7.987524258491078067e-05 -7.675006241153638350e-04 2.497988842975237592e-05
-2.005150009409141764e-05 1.101494077792551109e-04 -6.559926561278679020e-05 2.166531245438048543e-03 -2.001489954514601433e-03 -1.426514177938446111e-06 -1.760969504005047582e-04 1.515828909231605902e-03 -3.369522310574475454e-06 -2.748753422186591266e-06 -2.514985599821802397e-06 2.153567375008221853e-03 -6.803916828717303245e-05 3.738531925507553966e-04 1.091109188249473781e-03 -4.118596538073696252e-03 1.034879784722051360e-04 -1.187463778724352645e-04 -8.257814022211881462e-04 6.197457608591790156e-05
3.694896308304748515e-04 -1.123220351399631259e-03 -1.268586717871316577e-04 -3.162540155247522272e-02 8.394444326125441794e-03 6.820514342641350373e-06 -2.591328586971598986e-04 -1.002225675512223232e-02 1.770388201824626785e-05 1.225150335948282523e-05 1.273297978796399925e-05 -1.129306456940501295e-02 7.024826416146906722e-04 -3.299888088621064433e-03 -4.118596538073696252e-03 4.330149198386479270e-02 -4.100780436986278593e-05 1.099297364788691389e-03 5.033162013672909038e-03 -4.761564115384833988e-04
-2.833449380495405356e-07 -7.252287439511606067e-06 -6.762843853779415592e-05 -2.339934942316933796e-04 -5.788882498504172155e-04 -1.729126602431053566e-07 -1.582911862525729818e-04 2.639704215106995354e-04 -2.691685589679905006e-07 -2.878621429803063546e-07 -2.937366302865818315e-07 3.536559311053226462e-04 5.721417195134579248e-05 3.356628596850266567e-05 1.034879784722051360e-04 -4.100780436986278593e-05 4.218056671048101176e-05 -1.549122111185124190e-05 -1.051912206828396167e-05 3.008272980616073965e-05
7.863288003801533255e-06 -2.145026217265787763e-05 1.121575796408769737e-05 -6.158483322089953419e-04 5.109754272073039217e-04 2.008500789827780175e-07 6.633230522953302891e-05 -3.499609159007381360e-04 4.555680093031581472e-07 3.770495911365055038e-07 4.634873783565306145e-07 -3.542805429902881522e-04 -2.227917801674488919e-06 -7.987524258491078067e-05 -1.187463778724352645e-04 1.099297364788691389e-03 -1.549122111185124190e-05 4.198921056327028454e-05 6.597877392321973775e-05 -4.430956204367134110e-05
4.810089822128493163e-05 -1.662118772393093630e-04 3.936291843134487892e-05 -3.559395498190037321e-03 6.847217684779628027e-04 1.164315454143260124e-06 -3.744440097183685608e-04 -1.173096062322407859e-03 3.198351705188132569e-06 2.154096598496858932e-06 7.149281086400772044e-07 -2.334369089570584657e-03 2.007257570205034803e-04 -7.675006241153638350e-04 -8.257814022211881462e-04 5.033162013672909038e-03 -1.051912206828396167e-05 6.597877392321973775e-05 1.678893239723714065e-03 1.581265618750901257e-04
-9.602438714968584925e-06 -7.637115281129640046e-06 -1.566053206235644912e-05 4.280722595143051095e-05 -7.403466882194596277e-04 -6.183909129470457472e-08 -2.124049056299046675e-04 4.137239456774545400e-04 -1.347962182558658445e-07 -2.579058456440629687e-07 -3.078198973224545472e-07 2.070988579421913992e-04 5.711374151020752482e-05 2.497988842975237592e-05 6.197457608591790156e-05 -4.761564115384833988e-04 3.008272980616073965e-05 -4.430956204367134110e-05 1.581265618750901257e-04 1.108511471859890501e-04
2.040159814774987043e-05 -7.795195562509856364e-06 -9.875703267175207331e-06 -4.889634378797267549e-04 -5.638485433853405478e-05 1.382217775415948420e-07 4.779687715415697433e-05 -1.959104936164309462e-04 3.088462770575728399e-07 2.435474473146944291e-07 1.109929870326115882e-07 -1.215986551007605410e-04 -1.398288223443425274e-05 -1.056977527399457752e-04 -3.463851609958021641e-05 1.675752841876322423e-04 -2.204814278691865791e-07 -5.085897135529140811e-06 3.952013644170256892e-05 -1.222973947920005621e-05
-7.795195562509856364e-06 3.113309846109237609e-05 1.408198134112353128e-06 8.689564028967137598e-04 -1.479344865840725239e-04 -1.677680116136021126e-07 4.443792470893979284e-05 2.617170543204105438e-04 -6.046952036359820602e-07 -2.678090028533217369e-07 -3.020452408580204729e-07 3.013534083900687509e-04 -2.843597927553938342e-05 7.761855423060462164e-05 1.138700023195638719e-04 -1.142247820648366633e-03 -4.085920645818377352e-06 -2.057022368781889966e-05 -1.851662767828471390e-04 -5.431089707649991496e-06
-9.875703267175207331e-06 1.408198134112353128e-06 2.241516056921269223e-04 6.184780666655816887e-05 1.146432157176300801e-03 3.864510763618559907e-08 1.180826061770095197e-04 -7.280982925828948090e-04 8.802231981411992642e-07 -5.784980008265451490e-08 -2.369631386172909569e-07 -9.319643666409465222e-04 -7.833911081273287405e-05 6.671000462526574992e-05 -1.199237541065327494e-04 1.142237989934356650e-03 -5.295127261318356173e-05 3.947181821969471157e-05 3.242177578033123052e-04 -2.933539964699079662e-06
-4.889634378797267549e-04 8.689564028967137598e-04 6.184780666655816887e-05 3.406345974633642054e-02 -4.099849852407479699e-03 -6.251615927390655262e-06 2.618263731459256677e-04 1.304258951108246828e-02 -2.572943797940696747e-05 -6.869530783599632841e-06 -1.160502451914699363e-05 9.178044014039640763e-03 -2.860295453440562987e-04 2.110540886225447353e-03 4.125946267804163521e-03 -3.741307664724216608e-02 -1.772844010784484670e-04 -3.193297332185312241e-04 -5.496667772756265447e-03 4.360044444381547171e-04
-5.638485433853405478e-05 -1.479344865840725239e-04 1.146432157176300801e-03 -4.099849852407479699e-03 1.288090281134365335e-02 2.113383857923183490e-06 1.098460305987370962e-03 -7.974432033163445996e-03 1.169927875739593271e-05 2.727569376909782231e-06 4.095974878857331990e-06 -8.347178061424979922e-03 -3.064756289813818529e-04 -1.759931816891391505e-04 -2.322315741217400101e-03 1.731765580893835851e-02 -4.249578414454520565e-04 5.981713593327420446e-04 2.726019689511489669e-03 -6.016154823614025624e-04
1.382217775415948420e-07 -1.677680116136021126e-07 3.864510763618559907e-08 -6.251615927390655262e-06 2.113383857923183490e-06 4.759144432056360098e-09 3.181372520447332917e-07 -3.483745366741127381e-06 1.087553567342071340e-08 4.847816710134046212e-09 7.602951545847267711e-09 -3.440935033470551665e-06 1.297037406524741291e-07 -1.047121010555989971e-06 -1.757583510543998036e-06 5.768350709067590196e-06 -9.410221936846399553e-08 9.922221458060974057e-09 1.451676340600461601e-06 -9.652493441689279301e-08
4.779687715415697433e-05 4.443792470893979284e-05 1.180826061770095197e-04 2.618263731459256677e-04 1.098460305987370962e-03 3.181372520447332917e-07 7.790894140821089412e-04 -8.138222590272925234e-04 -1.077645720714166781e-07 8.548880233364539034e-07 5.614385530530275667e-07 -5.191345858068438773e-04 -3.087849128415875197e-04 -1.935100427725428951e-04 -1.676920292059347556e-04 -1.055226389053562190e-03 -1.251014089446778651e-04 3.572460652618963911e-06 -4.188103713621880541e-04 -1.738659846755528362e-04
-1.959104936164309462e-04 2.617170543204105438e-04 -7.280982925828948090e-04 1.304258951108246828e-02 -7.974432033163445996e-03 -3.483745366741127381e-06 -8.138222590272925234e-04 1.015670297535251065e-02 -1.762793954716950889e-05 -3.285766788547634503e-06 -5.514669170242532301e-06 7.836339438819357045e-03 2.498077293574559976e-04 5.181021955856541118e-04 2.952784717536300306e-03 -1.961217292669348994e-02 1.755273845518204019e-04 -2.410349196071802239e-04 -3.549381601138000379e-03 5.828666503742712833e-04
3.088462770575728399e-07 -6.046952036359820602e-07 8.802231981411992642e-07 -2.572943797940696747e-05 1.169927875739593271e-05 1.087553567342071340e-08 -1.077645720714166781e-07 -1.762793954716950889e-05 4.304412807031021238e-08 7.993729983264526785e-09 1.768524037191162621e-08 -1.423002266154393074e-05 4.734214770490746250e-07 -1.053865742525876818e-06 -6.637316254706074650e-06 3.607732224558968937e-05 -1.036119109542218096e-07 1.964876522921426831e-07 7.898323075941777181e-06 -6.012935542117085606e-07
2.435474473146944291e-07 -2.678090028533217369e-07 -5.784980008265451490e-08 -6.869530783599632841e-06 2.727569376909782231e-06 4.847816710134046212e-09 8.548880233364539034e-07 -3.285766788547634503e-06 7.993729983264526785e-09 9.724141850026782098e-09 6.579849114508388847e-09 -4.763280220591795263e-06 8.189483483871623495e-08 -2.379529873100755088e-06 -1.731587743439043198e-06 5.185478839514334234e-06 -2.245466728976901566e-07 1.884565148339103045e-07 1.270480263248518441e-06 -8.010123261532434978e-08
1.109929870326115882e-07 -3.020452408580204729e-07 -2.369631386172909569e-07 -1.160502451914699363e-05 4.095974878857331990e-06 7.602951545847267711e-09 5.614385530530275667e-07 -5.514669170242532301e-06 1.768524037191162621e-08 6.579849114508388847e-09 1.874221389764308156e-08 -3.832938774843865483e-06 2.580783127182545149e-07 -5.510294543754649393e-07 -3.436647110617333127e-06 1.267589676892808910e-05 -1.389872436957393439e-07 9.098681868329153348e-08 1.149450780662843657e-06 -4.409189840096875429e-07
-1.215986551007605410e-04 3.013534083900687509e-04 -9.319643666409465222e-04 9.178044014039640763e-03 -8.347178061424979922e-03 -3.440935033470551665e-06 -5.191345858068438773e-04 7.836339438819357045e-03 -1.423002266154393074e-05 -4.763280220591795263e-06 -3.832938774843865483e-06 8.844750276624093605e-03 9.312406217634564031e-05 1.170944795504709566e-03 2.580204978263046095e-03 -1.724612662472415139e-02 2.763514966979682751e-04 -3.715101651722805555e-04 -3.945515729305555316e-03 1.794825766826566927e-04
-1.398288223443425274e-05 -2.843597927553938342e-05 -7.833911081273287405e-05 -2.860295453440562987e-04 -3.064756289813818529e-04 1.297037406524741291e-07 -3.087849128415875197e-04 2.498077293574559976e-04 4.734214770490746250e-07 8.189483483871623495e-08 2.580783127182545149e-07 9.312406217634564031e-05 1.598605524690123285e-04 3.747453630626596694e-06 -1.643827883400287472e-05 6.460629456540281559e-04 4.839914841006002724e-05 1.383269280934754206e-05 1.771276609322774813e-04 5.383281677483414354e-05
-1.056977527399457752e-04 7.761855423060462164e-05 6.671000462526574992e-05 2.110540886225447353e-03 -1.759931816891391505e-04 -1.047121010555989971e-06 -1.935100427725428951e-04 5.181021955856541118e-04 -1.053865742525876818e-06 -2.379529873100755088e-06 -5.510294543754649393e-07 1.170944795504709566e-03 3.747453630626596694e-06 1.112774639005770574e-03 1.074979166362296249e-04 -7.549117715660006887e-04 3.690200440138895525e-05 -3.608103033698408684e-05 -4.199012924857071258e-04 -2.956487308798792072e-05
-3.463851609958021641e-05 1.138700023195638719e-04 -1.199237541065327494e-04 4.125946267804163521e-03 -2.322315741217400101e-03 -1.757583510543998036e-06 -1.676920292059347556e-04 2.952784717536300306e-03 -6.637316254706074650e-06 -1.731587743439043198e-06 -3.436647110617333127e-06 2.580204978263046095e-03 -1.643827883400287472e-05 1.074979166362296249e-04 1.551872553802461285e-03 -6.412993253074605188e-03 7.562039327674340353e-05 -4.350461583060354846e-05 -1.350989451008455982e-03 1.386365555039653153e-04
1.675752841876322423e-04 -1.142247820648366633e-03 1.142237989934356650e-03 -3.741307664724216608e-02 1.731765580893835851e-02 5.768350709067590196e-06 -1.055226389053562190e-03 -1.961217292669348994e-02 3.607732224558968937e-05 5.185478839514334234e-06 1.267589676892808910e-05 -1.724612662472415139e-02 6.460629456540281559e-04 -7.549117715660006887e-04 -6.412993253074605188e-03 6.280428068984962586e-02 -1.269184965034911022e-05 1.159985257377778474e-03 9.554370243984276756e-03 -7.630719757401521275e-04
-2.204814278691865791e-07 -4.085920645818377352e-06 -5.295127261318356173e-05 -1.772844010784484670e-04 -4.249578414454520565e-04 -9.410221936846399553e-08 -1.251014089446778651e-04 1.755273845518204019e-04 -1.036119109542218096e-07 -2.245466728976901566e-07 -1.389872436957393439e-07 2.763514966979682751e-04 4.839914841006002724e-05 3.690200440138895525e-05 7.562039327674340353e-05 -1.269184965034911022e-05 3.431990793085697671e-05 -1.186898862341629818e-05 -1.223885205060316725e-05 1.692179150513560608e-05
-5.085897135529140811e-06 -2.057022368781889966e-05 3.947181821969471157e-05 -3.193297332185312241e-04 5.981713593327420446e-04 9.922221458060974057e-09 3.572460652618963911e-06 -2.410349196071802239e-04 1.964876522921426831e-07 1.884565148339103045e-07 9.098681868329153348e-08 -3.715101651722805555e-04 1.383269280934754206e-05 -3.608103033698408684e-05 -4.350461583060354846e-05 1.159985257377778474e-03 -1.186898862341629818e-05 5.626133539862380019e-05 9.930269452572007625e-05 -2.066647297301352917e-05
3.952013644170256892e-05 -1.851662767828471390e-04 3.242177578033123052e-04 -5.496667772756265447e-03 2.726019689511489669e-03 1.451676340600461601e-06 -4.188103713621880541e-04 -3.549381601138000379e-03 7.898323075941777181e-06 1.270480263248518441e-06 1.149450780662843657e-06 -3.945515729305555316e-03 1.771276609322774813e-04 -4.199012924857071258e-04 -1.350989451008455982e-03 9.554370243984276756e-03 -1.223885205060316725e-05 9.930269452572007625e-05 2.628653975415928910e-03 6.254065947638863976e-05
-1.222973947920005621e-05 -5.431089707649991496e-06 -2.933539964699079662e-06 4.360044444381547171e-04 -6.016154823614025624e-04 -9.652493441689279301e-08 -1.738659846755528362e-04 5.828666503742712833e-04 -6.012935542117085606e-07 -8.010123261532434978e-08 -4.409189840096875429e-07 1.794825766826566927e-04 5.383281677483414354e-05 -2.956487308798792072e-05 1.386365555039653153e-04 -7.630719757401521275e-04 1.692179150513560608e-05 -2.066647297301352917e-05 6.254065947638863976e-05 1.123742924486216126e-04
3.889621789702868941e-05 8.334869957339331343e-06 2.309460842608002831e-05 -7.417649467062208037e-04 -6.032893235935952688e-05 4.856195949968131346e-07 1.239999089901284643e-04 -6.448946316461990182e-04 1.414770212534116673e-06 3.761365484382707320e-07 9.468527146174503677e-07 -2.619927738864412663e-04 -3.938896056152452316e-05 -6.333570618966402664e-05 -1.595643638101323079e-04 -7.409175470159401749e-05 -2.741181778398727502e-06 -4.597387621309437174e-05 7.573768075122754787e-05 -3.904230071908159076e-05
8.334869957339331343e-06 4.598949310442709208e-05 3.581455962317232618e-05 6.193099342316841626e-04 -9.145110608421835722e-05 1.521416303501838497e-07 1.376590659990052699e-04 -2.155696068936261019e-04 4.249533284375777026e-07 -1.631759122050490773e-07 2.073397586524575924e-07 1.243960802042669267e-04 -6.229741084056332815e-05 1.236963378443100528e-04 -3.495437907940797119e-05 -1.310867428947549203e-03 -1.087692701525596430e-05 -5.990487002305600739e-05 -1.159295124987176119e-04 -3.498386636371757648e-05
2.309460842608002831e-05 3.581455962317232618e-05 2.853256451398522488e-04 -4.038019223388566764e-04 1.272980269357978358e-03 8.277583259487084073e-07 2.650035578253674240e-04 -1.705047552464998995e-03 3.319112380760021201e-06 2.865778629084983589e-07 1.411252764118805379e-06 -1.198563151692917704e-03 -1.110528101838245088e-04 2.040577675545432001e-04 -3.726559569859241015e-04 7.632899275134140578e-04 -5.552086827008536409e-05 -2.810516992379170827e-05 3.382813655893563776e-04 -7.907557430587879759e-05
-7.417649467062208037e-04 6.193099342316841626e-04 -4.038019223388566764e-04 3.636070241785405166e-02 -3.244539254973421560e-03 -1.116389328072816134e-05 -3.877185837799294573e-04 1.840757626965962984e-02 -4.158471053412944487e-05 -9.067525070471024536e-06 -2.540117942622226199e-05 1.055535818164685634e-02 -1.137486569077071408e-04 1.512695351351387536e-03 5.300490674190120113e-03 -3.246137800192516742e-02 -2.068885415415540471e-04 2.382866693296070812e-04 -5.593453220950881689e-03 6.937830033804412259e-04
-6.032893235935952688e-05 -9.145110608421835722e-05 1.272980269357978358e-03 -3.244539254973421560e-03 1.456695541075020937e-02 4.281779708033723667e-06 8.191249147638579369e-04 -9.306315909858628443e-03 1.681950463439744326e-05 4.859425667706774929e-06 8.915422134390075872e-06 -8.753113538873662572e-03 9.736336270360271663e-05 4.013589623821632612e-04 -2.115205431375381372e-03 1.763618648084012627e-02 -3.564633004457386603e-04 7.894535696847959378e-04 1.925497977186896260e-03 -8.251344713345186606e-04
4.856195949968131346e-07 1.521416303501838497e-07 8.277583259487084073e-07 -1.116389328072816134e-05 4.281779708033723667e-06 1.248720442630063462e-08 1.684805307422627334e-06 -1.374105136426263337e-05 3.544376264082581350e-08 8.644342936739104118e-09 2.457010942397478395e-08 -7.195772600949227811e-06 -1.469820896029766203e-07 8.265520088707843380e-08 -4.174179423650367346e-06 3.532498297607609049e-06 -1.261840301563306141e-07 -5.781746136877629597e-07 2.093887601156432795e-06 -8.189706577226366116e-07
1.239999089901284643e-04 1.376590659990052699e-04 2.650035578253674240e-04 -3.877185837799294573e-04 8.191249147638579369e-04 1.684805307422627334e-06 1.164152928011859094e-03 -2.763857583200951713e-03 4.413625593669718840e-06 9.821666080823367809e-07 3.032483154432395351e-06 -9.999045375185841404e-04 -4.699770917588144171e-04 8.624828293018620183e-05 -7.725896530484282262e-04 -2.919028964981700610e-03 -1.397808416208446238e-04 -2.300991761516094872e-04 -1.715583796143010258e-04 -2.836591164733650943e-04
-6.448946316461990182e-04 -2.155696068936261019e-04 -1.705047552464998995e-03 1.840757626965962984e-02 -9.306315909858628443e-03 -1.374105136426263337e-05 -2.763857583200951713e-03 2.301884743724936372e-02 -4.958344737313311642e-05 -7.530187678114357819e-06 -2.690590484231201958e-05 1.197358632657188199e-02 7.530283222462994018e-04 -1.113652545942698082e-03 6.318367291965541234e-03 -1.331262737143080847e-02 2.321964380839208622e-04 7.498990739475609084e-04 -4.382249837079826849e-03 1.429088703964271007e-03
1.414770212534116673e-06 4.249533284375777026e-07 3.319112380760021201e-06 -4.158471053412944487e-05 1.681950463439744326e-05 3.544376264082581350e-08 4.413625593669718840e-06 -4.958344737313311642e-05 1.207466866273119010e-07 1.944368831009548808e-08 7.041082055369859834e-08 -2.540875479759915296e-05 -6.086195882421949835e-07 2.522767972869054195e-06 -1.448063762263977860e-05 2.666599867615099888e-05 -2.262955627010951555e-07 -1.895570226637424373e-06 1.001438741114372409e-05 -2.734316494834442362e-06
3.761365484382707320e-07 -1.631759122050490773e-07 2.865778629084983589e-07 -9.067525070471024536e-06 4.859425667706774929e-06 8.644342936739104118e-09 9.821666080823367809e-07 -7.530187678114357819e-06 1.944368831009548808e-08 1.239224032524932744e-08 1.731745302034080897e-08 -6.377744392004186073e-06 3.122536541712166727e-07 -1.872502467533708281e-06 -2.113170930719758784e-06 6.372849070572273791e-06 -1.637810311682279258e-07 2.065217582763420872e-07 8.526842071324956436e-07 -4.794381290321802106e-07
9.468527146174503677e-07 2.073397586524575924e-07 1.411252764118805379e-06 -2.540117942622226199e-05 8.915422134390075872e-06 2.457010942397478395e-08 3.032483154432395351e-06 -2.690590484231201958e-05 7.041082055369859834e-08 1.731745302034080897e-08 5.913459379631574352e-08 -1.282197138916400304e-05 -6.124713987190005491e-08 6.635473159037842444e-07 -7.924162828642285312e-06 1.201574766128998680e-05 -1.557928338266642671e-07 -8.798251806092643368e-07 2.417203950390086255e-06 -1.875240836704397433e-06
-2.619927738864412663e-04 1.243960802042669267e-04 -1.198563151692917704e-03 1.055535818164685634e-02 -8.753113538873662572e-03 -7.195772600949227811e-06 -9.999045375185841404e-04 1.197358632657188199e-02 -2.540875479759915296e-05 -6.377744392004186073e-06 -1.282197138916400304e-05 9.751991799088951043e-03 1.207539792679283039e-04 4.100086533929125378e-04 3.522281300187036623e-03 -1.493942802172615499e-02 2.463606549241075059e-04 -8.793960108869245079e-05 -3.783685167287235019e-03 5.253006533527744722e-04
-3.938896056152452316e-05 -6.229741084056332815e-05 -1.110528101838245088e-04 -1.137486569077071408e-04 9.736336270360271663e-05 -1.469820896029766203e-07 -4.699770917588144171e-04 7.530283222462994018e-04 -6.086195882421949835e-07 3.122536541712166727e-07 -6.124713987190005491e-08 1.207539792679283039e-04 2.585042427310073354e-04 -8.123690894172584697e-05 2.183355497643327476e-04 1.634878832790510363e-03 5.740144128752753741e-05 1.296524858522089265e-04 4.184383231318407098e-05 6.673882962355869107e-05
-6.333570618966402664e-05 1.236963378443100528e-04 2.040577675545432001e-04 1.512695351351387536e-03 4.013589623821632612e-04 8.265520088707843380e-08 8.624828293018620183e-05 -1.113652545942698082e-03 2.522767972869054195e-06 -1.872502467533708281e-06 6.635473159037842444e-07 4.100086533929125378e-04 -8.123690894172584697e-05 1.252784401168191607e-03 -3.530072180907744606e-04 -1.019312248409150971e-03 7.432602468638451775e-06 -1.299200125205426839e-04 -1.539882643590533961e-04 -1.307833891168160099e-04
-1.595643638101323079e-04 -3.495437907940797119e-05 -3.726559569859241015e-04 5.300490674190120113e-03 -2.115205431375381372e-03 -4.174179423650367346e-06 -7.725896530484282262e-04 6.318367291965541234e-03 -1.448063762263977860e-05 -2.113170930719758784e-06 -7.924162828642285312e-06 3.522281300187036623e-03 2.183355497643327476e-04 -3.530072180907744606e-04 2.549080230565497693e-03 -3.859332765349634403e-03 9.318582745397668507e-05 3.154348238935816297e-04 -1.807882633356425704e-03 3.359523674949919415e-04
-7.409175470159401749e-05 -1.310867428947549203e-03 7.632899275134140578e-04 -3.246137800192516742e-02 1.763618648084012627e-02 3.532498297607609049e-06 -2.919028964981700610e-03 -1.331262737143080847e-02 2.666599867615099888e-05 6.372849070572273791e-06 1.201574766128998680e-05 -1.493942802172615499e-02 1.634878832790510363e-03 -1.019312248409150971e-03 -3.859332765349634403e-03 6.476908001051705221e-02 1.692934969358298814e-04 1.911404371809631271e-03 7.682133964076939651e-03 -4.243489690029712976e-04
-2.741181778398727502e-06 -1.087692701525596430e-05 -5.552086827008536409e-05 -2.068885415415540471e-04 -3.564633004457386603e-04 -1.261840301563306141e-07 -1.397808416208446238e-04 2.321964380839208622e-04 -2.262955627010951555e-07 -1.637810311682279258e-07 -1.557928338266642671e-07 2.463606549241075059e-04 5.740144128752753741e-05 7.432602468638451775e-06 9.318582745397668507e-05 1.692934969358298814e-04 3.269278505955678938e-05 2.976048755589891857e-06 -1.127885658427062594e-05 2.189445003611310578e-05
-4.597387621309437174e-05 -5.990487002305600739e-05 -2.810516992379170827e-05 2.382866693296070812e-04 7.894535696847959378e-04 -5.781746136877629597e-07 -2.300991761516094872e-04 7.498990739475609084e-04 -1.895570226637424373e-06 2.065217582763420872e-07 -8.798251806092643368e-07 -8.793960108869245079e-05 1.296524858522089265e-04 -1.299200125205426839e-04 3.154348238935816297e-04 1.911404371809631271e-03 2.976048755589891857e-06 1.859210212967399767e-04 -1.115394438683918205e-04 2.587946549987529720e-05
